0 0.644644558429718 0.4148053526878357 0.02188151888549328 0.027045635506510735 0.7692059278488159 
0 0.43600890040397644 0.705193281173706 0.02169998735189438 0.026829496026039124 0.7186044454574585 
0 0.7303501963615417 0.6919653415679932 0.024289973080158234 0.02669963426887989 0.7164224982261658 
0 0.7285659909248352 0.21550790965557098 0.025830160826444626 0.03133680298924446 0.6933652758598328 
0 0.815930962562561 0.24541021883487701 0.020127827301621437 0.023843562230467796 0.6612173914909363 
0 0.7322413325309753 0.6551443934440613 0.020358668640255928 0.023718610405921936 0.6489516496658325 
0 0.8164268136024475 0.35959097743034363 0.01983339712023735 0.024465560913085938 0.6469574570655823 
0 0.8819872140884399 0.6873300075531006 0.02307971939444542 0.02869114838540554 0.6042888164520264 
0 0.8632423281669617 0.3717333972454071 0.020103663206100464 0.025430111214518547 0.5786972045898438 
0 0.1964646428823471 0.6646531820297241 0.02270650304853916 0.030520621687173843 0.5546207427978516 
0 0.862633466720581 0.23635339736938477 0.021258343011140823 0.026402655988931656 0.5524033904075623 
0 0.8194572925567627 0.18413449823856354 0.018048059195280075 0.022419806569814682 0.4710506796836853 
0 0.7319988012313843 0.4109186828136444 0.01964779943227768 0.023613341152668 0.4497069716453552 
0 0.9005629420280457 0.6499196887016296 0.018559258431196213 0.025173552334308624 0.20586875081062317 
0 0.021697893738746643 0.8997778296470642 0.0208370853215456 0.029015155509114265 0.19200895726680756 
0 0.5359137058258057 0.22252914309501648 0.020431162789463997 0.026661019772291183 0.17714430391788483 
0 0.9076040387153625 0.30296170711517334 0.021491974592208862 0.029012780636548996 0.16955596208572388 
0 0.9478099942207336 0.23157243430614471 0.01763916015625 0.02377367950975895 0.15498103201389313 
0 0.9831554889678955 0.8038894534111023 0.03336889296770096 0.07599696516990662 0.15399399399757385 
0 0.7298759818077087 0.6572973728179932 0.019698146730661392 0.024363050237298012 0.11838041990995407 
